shape 0 rectangle
motion 0 0 15 5 13 50 14 127 231 10 15 20 13 150 14 127 231 
motion 0 10 15 20 13 150 14 127 231 20 15 5 13 50 14 127 231 
motion 0 20 15 5 13 50 14 127 231 30 15 20 13 150 14 127 231 
motion 0 30 15 20 13 150 14 127 231 40 15 5 13 50 14 127 231 
motion 0 40 15 5 13 50 14 127 231 50 15 20 13 150 14 127 231 
motion 0 50 15 20 13 150 14 127 231 60 15 5 13 50 14 127 231 
shape 1 rectangle
motion 1 0 30 5 13 50 154 54 46 10 30 20 13 150 154 54 46 
motion 1 11 30 20 13 150 154 54 46 21 30 5 13 50 154 54 46 
motion 1 22 30 5 13 50 154 54 46 32 30 20 13 150 154 54 46 
motion 1 33 30 20 13 150 154 54 46 43 30 5 13 50 154 54 46 
motion 1 44 30 5 13 50 154 54 46 54 30 20 13 150 154 54 46 
motion 1 55 30 20 13 150 154 54 46 65 30 5 13 50 154 54 46 
shape 2 rectangle
motion 2 0 45 5 13 50 16 45 250 10 45 20 13 150 16 45 250 
motion 2 12 45 20 13 150 16 45 250 22 45 5 13 50 16 45 250 
motion 2 24 45 5 13 50 16 45 250 34 45 20 13 150 16 45 250 
motion 2 36 45 20 13 150 16 45 250 46 45 5 13 50 16 45 250 
motion 2 48 45 5 13 50 16 45 250 58 45 20 13 150 16 45 250 
motion 2 60 45 20 13 150 16 45 250 70 45 5 13 50 16 45 250 
shape 3 rectangle
motion 3 0 60 5 13 50 120 195 47 10 60 20 13 150 120 195 47 
motion 3 13 60 20 13 150 120 195 47 23 60 5 13 50 120 195 47 
motion 3 26 60 5 13 50 120 195 47 36 60 20 13 150 120 195 47 
motion 3 39 60 20 13 150 120 195 47 49 60 5 13 50 120 195 47 
motion 3 52 60 5 13 50 120 195 47 62 60 20 13 150 120 195 47 
motion 3 65 60 20 13 150 120 195 47 75 60 5 13 50 120 195 47 
shape 4 rectangle
motion 4 0 75 5 13 50 233 228 105 10 75 20 13 150 233 228 105 
motion 4 14 75 20 13 150 233 228 105 24 75 5 13 50 233 228 105 
motion 4 28 75 5 13 50 233 228 105 38 75 20 13 150 233 228 105 
motion 4 42 75 20 13 150 233 228 105 52 75 5 13 50 233 228 105 
motion 4 56 75 5 13 50 233 228 105 66 75 20 13 150 233 228 105 
motion 4 70 75 20 13 150 233 228 105 80 75 5 13 50 233 228 105 
shape 5 rectangle
motion 5 0 90 5 13 50 85 235 96 10 90 20 13 150 85 235 96 
motion 5 15 90 20 13 150 85 235 96 25 90 5 13 50 85 235 96 
motion 5 30 90 5 13 50 85 235 96 40 90 20 13 150 85 235 96 
motion 5 45 90 20 13 150 85 235 96 55 90 5 13 50 85 235 96 
motion 5 60 90 5 13 50 85 235 96 70 90 20 13 150 85 235 96 
motion 5 75 90 20 13 150 85 235 96 85 90 5 13 50 85 235 96 
shape 6 rectangle
motion 6 0 105 5 13 50 125 49 223 10 105 20 13 150 125 49 223 
motion 6 16 105 20 13 150 125 49 223 26 105 5 13 50 125 49 223 
motion 6 32 105 5 13 50 125 49 223 42 105 20 13 150 125 49 223 
motion 6 48 105 20 13 150 125 49 223 58 105 5 13 50 125 49 223 
motion 6 64 105 5 13 50 125 49 223 74 105 20 13 150 125 49 223 
motion 6 80 105 20 13 150 125 49 223 90 105 5 13 50 125 49 223 
shape 7 rectangle
motion 7 0 120 5 13 50 162 150 236 10 120 20 13 150 162 150 236 
motion 7 17 120 20 13 150 162 150 236 27 120 5 13 50 162 150 236 
motion 7 34 120 5 13 50 162 150 236 44 120 20 13 150 162 150 236 
motion 7 51 120 20 13 150 162 150 236 61 120 5 13 50 162 150 236 
motion 7 68 120 5 13 50 162 150 236 78 120 20 13 150 162 150 236 
motion 7 85 120 20 13 150 162 150 236 95 120 5 13 50 162 150 236 
shape 8 rectangle
motion 8 0 135 5 13 50 160 24 254 10 135 20 13 150 160 24 254 
motion 8 18 135 20 13 150 160 24 254 28 135 5 13 50 160 24 254 
motion 8 36 135 5 13 50 160 24 254 46 135 20 13 150 160 24 254 
motion 8 54 135 20 13 150 160 24 254 64 135 5 13 50 160 24 254 
motion 8 72 135 5 13 50 160 24 254 82 135 20 13 150 160 24 254 
motion 8 90 135 20 13 150 160 24 254 100 135 5 13 50 160 24 254 
shape 9 rectangle
motion 9 0 150 5 13 50 204 41 121 10 150 20 13 150 204 41 121 
motion 9 19 150 20 13 150 204 41 121 29 150 5 13 50 204 41 121 
motion 9 38 150 5 13 50 204 41 121 48 150 20 13 150 204 41 121 
motion 9 57 150 20 13 150 204 41 121 67 150 5 13 50 204 41 121 
motion 9 76 150 5 13 50 204 41 121 86 150 20 13 150 204 41 121 
motion 9 95 150 20 13 150 204 41 121 105 150 5 13 50 204 41 121 
shape 10 rectangle
motion 10 0 165 5 13 50 6 30 145 10 165 20 13 150 6 30 145 
motion 10 20 165 20 13 150 6 30 145 30 165 5 13 50 6 30 145 
motion 10 40 165 5 13 50 6 30 145 50 165 20 13 150 6 30 145 
motion 10 60 165 20 13 150 6 30 145 70 165 5 13 50 6 30 145 
motion 10 80 165 5 13 50 6 30 145 90 165 20 13 150 6 30 145 
motion 10 100 165 20 13 150 6 30 145 110 165 5 13 50 6 30 145 
shape 11 rectangle
motion 11 0 180 5 13 50 28 69 61 10 180 20 13 150 28 69 61 
motion 11 21 180 20 13 150 28 69 61 31 180 5 13 50 28 69 61 
motion 11 42 180 5 13 50 28 69 61 52 180 20 13 150 28 69 61 
motion 11 63 180 20 13 150 28 69 61 73 180 5 13 50 28 69 61 
motion 11 84 180 5 13 50 28 69 61 94 180 20 13 150 28 69 61 
motion 11 105 180 20 13 150 28 69 61 115 180 5 13 50 28 69 61 
shape 12 rectangle
motion 12 0 195 5 13 50 166 35 238 10 195 20 13 150 166 35 238 
motion 12 22 195 20 13 150 166 35 238 32 195 5 13 50 166 35 238 
motion 12 44 195 5 13 50 166 35 238 54 195 20 13 150 166 35 238 
motion 12 66 195 20 13 150 166 35 238 76 195 5 13 50 166 35 238 
motion 12 88 195 5 13 50 166 35 238 98 195 20 13 150 166 35 238 
motion 12 110 195 20 13 150 166 35 238 120 195 5 13 50 166 35 238 
shape 13 rectangle
motion 13 0 210 5 13 50 122 31 146 10 210 20 13 150 122 31 146 
motion 13 23 210 20 13 150 122 31 146 33 210 5 13 50 122 31 146 
motion 13 46 210 5 13 50 122 31 146 56 210 20 13 150 122 31 146 
motion 13 69 210 20 13 150 122 31 146 79 210 5 13 50 122 31 146 
motion 13 92 210 5 13 50 122 31 146 102 210 20 13 150 122 31 146 
motion 13 115 210 20 13 150 122 31 146 125 210 5 13 50 122 31 146 
shape 14 rectangle
motion 14 0 225 5 13 50 191 199 207 10 225 20 13 150 191 199 207 
motion 14 24 225 20 13 150 191 199 207 34 225 5 13 50 191 199 207 
motion 14 48 225 5 13 50 191 199 207 58 225 20 13 150 191 199 207 
motion 14 72 225 20 13 150 191 199 207 82 225 5 13 50 191 199 207 
motion 14 96 225 5 13 50 191 199 207 106 225 20 13 150 191 199 207 
motion 14 120 225 20 13 150 191 199 207 130 225 5 13 50 191 199 207 
shape 15 rectangle
motion 15 0 240 5 13 50 50 161 251 10 240 20 13 150 50 161 251 
motion 15 25 240 20 13 150 50 161 251 35 240 5 13 50 50 161 251 
motion 15 50 240 5 13 50 50 161 251 60 240 20 13 150 50 161 251 
motion 15 75 240 20 13 150 50 161 251 85 240 5 13 50 50 161 251 
motion 15 100 240 5 13 50 50 161 251 110 240 20 13 150 50 161 251 
motion 15 125 240 20 13 150 50 161 251 135 240 5 13 50 50 161 251 
shape 16 rectangle
motion 16 0 255 5 13 50 97 28 94 10 255 20 13 150 97 28 94 
motion 16 26 255 20 13 150 97 28 94 36 255 5 13 50 97 28 94 
motion 16 52 255 5 13 50 97 28 94 62 255 20 13 150 97 28 94 
motion 16 78 255 20 13 150 97 28 94 88 255 5 13 50 97 28 94 
motion 16 104 255 5 13 50 97 28 94 114 255 20 13 150 97 28 94 
motion 16 130 255 20 13 150 97 28 94 140 255 5 13 50 97 28 94 
shape 17 rectangle
motion 17 0 270 5 13 50 161 105 150 10 270 20 13 150 161 105 150 
motion 17 27 270 20 13 150 161 105 150 37 270 5 13 50 161 105 150 
motion 17 54 270 5 13 50 161 105 150 64 270 20 13 150 161 105 150 
motion 17 81 270 20 13 150 161 105 150 91 270 5 13 50 161 105 150 
motion 17 108 270 5 13 50 161 105 150 118 270 20 13 150 161 105 150 
motion 17 135 270 20 13 150 161 105 150 145 270 5 13 50 161 105 150 
shape 18 rectangle
motion 18 0 285 5 13 50 28 106 67 10 285 20 13 150 28 106 67 
motion 18 28 285 20 13 150 28 106 67 38 285 5 13 50 28 106 67 
motion 18 56 285 5 13 50 28 106 67 66 285 20 13 150 28 106 67 
motion 18 84 285 20 13 150 28 106 67 94 285 5 13 50 28 106 67 
motion 18 112 285 5 13 50 28 106 67 122 285 20 13 150 28 106 67 
motion 18 140 285 20 13 150 28 106 67 150 285 5 13 50 28 106 67 
shape 19 rectangle
motion 19 0 300 5 13 50 233 185 72 10 300 20 13 150 233 185 72 
motion 19 29 300 20 13 150 233 185 72 39 300 5 13 50 233 185 72 
motion 19 58 300 5 13 50 233 185 72 68 300 20 13 150 233 185 72 
motion 19 87 300 20 13 150 233 185 72 97 300 5 13 50 233 185 72 
motion 19 116 300 5 13 50 233 185 72 126 300 20 13 150 233 185 72 
motion 19 145 300 20 13 150 233 185 72 155 300 5 13 50 233 185 72 
