canvas 200 70 360 360
canvas 0 0 800 800
shape background rectangle
shape sun ellipse
shape building1 rectangle
shape building2 rectangle
shape treebark rectangle
shape treetop1 ellipse
shape treetop2 ellipse

motion background 1 0 0 800 800 137 207 240 1 0 0 800 800 137 207 240
motion background 1 0 0 800 800 137 207 240 50 0 0 800 800 137 207 240
motion background 50 0 0 800 800 137 207 240 90 0 0 800 800 2 7 93
motion background 90 0 0 800 800 2 7 93 200 0 0 800 800 2 7 93

motion sun 1 600 100 150 150 255 229 124 1 600 100 150 150 255 229 124
motion sun 1 600 100 150 150 255 229 124 50 100 100 150 150 255 229 124
motion sun 50 100 100 150 150 255 229 124 90 100 100 150 150 255 250 250
motion sun 90 100 100 150 150 255 250 250 200 100 100 150 150 255 250 250

motion building1 1 30 424 200 326 128 128 112 1 30 424 200 326 128 128 112
motion building1 1 30 424 200 326 128 128 112 50 30 424 200 326 128 128 112
motion building1 50 30 424 200 326 128 128 112 90 30 424 200 326 0 0 0
motion building1 90 30 424 200 326 0 0 0 200 30 424 200 326 0 0 0

motion building2 1 270 375 150 375 254 127 156 1 270 375 150 375 254 127 156
motion building2 1 270 375 150 375 254 127 156 50 270 375 150 375 254 127 156
motion building2 50 270 375 150 375 254 127 156 90 270 375 150 375 0 0 0
motion building2 90 270 375 150 375 0 0 0 200 270 375 150 375 0 0 0


motion treebark 1 570 570 50 200 51 25 0 1 570 570 50 200 51 25 0
motion treebark 1 570 570 50 200 51 25 0 50 570 570 50 200 51 25 0
motion treebark 50 570 570 50 200 51 25 0 90 570 570 50 200 0 0 0
motion treebark 90 570 570 50 200 0 0 0 200 570 570 50 200 0 0 0

motion treetop1 1 500 450 200 125 34 139 34 1 500 450 200 125 34 139 34
motion treetop1 1 500 450 200 125 34 139 34 50 500 450 200 125 34 139 34
motion treetop1 50 500 450 200 125 34 139 34 90 500 450 200 125 0 0 0
motion treetop1 90 500 450 200 125 0 0 0 200 500 450 200 125 0 0 0

motion treetop2 1 530 370 150 105 34 139 34 1 530 370 150 105 34 139 34
motion treetop2 1 530 370 150 105 34 139 34 50 530 370 150 105 34 139 34
motion treetop2 50 530 370 150 105 34 139 34 90 530 370 150 105 0 0 0
motion treetop2 90 530 370 150 105 0 0 0 200 530 370 150 105 0 0 0
